  000  |
 0   0 |
0     0|
0     0|
0     0|
 0   0 |
  000  |
  -1
   1   |
  11   |
   1   |
   1   |
   1   |
   1   |
  111  |
  -1
  222  |
2    2 |
    2  |
   2   |
  2    |
 2     |
22222  |
  -1
  333  |
 3   3 |
     3 |
   33  |
     3 |
 3   3 |
  333  |
  -1
   4   |
  44   |
 4 4   |
4  4   |
444444 |
   4   |
   4   |
  -1
 55555 |
 5     |
 5     |
  555  |
     5 |
 5   5 |
  555  |
  -1
  666  |
 6     |
 6     |
  666  |
 6   6 |
 6   6 |
  666  |
  -1
 77777 |
     7 |
    7  |
   7   |
  7    |
 7     |
 7     |
  -1
 8888  |
8    8 |
8    8 |
 8888  |
8    8 |
8    8 |
 8888  |
  -1
 9999  |
9    9 |
9    9 |
 9999  |
     9 |
     9 |
     9 |
   -
   *   |
  ***  |
   *   |
       |
   *   |
  ***  |
   *   |
   -

